-8.94 -6.27 -0.58 -7.58 1.35 -7.88
3.8 6.92 -4.41 -2.1 3.57 -7.94
-6.62 7.21 0.8 7.85 2.41 4.77
-3.41 8.3 -2.62 2.6 -4.04 8.5
9.23 7.0 -8.38 -5.19 1.97 -8.92
-3.92 4.84 -1.88 -9.82 -1.61 -3.02
7.93 6.3 6.2 0.58 2.73 -7.18
4.47 -7.63 -8.91 -3.03 -3.34 -7.86
1.72 2.94 2.86 4.61 -7.48 2.66
-7.09 -0.01 6.16 -6.44 0.07 3.14
-7.0 -1.77 -0.73 4.03 -1.91 -3.76
-0.79 4.26 3.05 -7.23 -7.99 3.69
8.26 -2.98 4.55 -5.53 6.65 2.68
-1.95 6.04 4.58 4.92 1.11 0.45
-8.57 -6.59 -2.95 -2.57 4.38 8.5
-4.59 -8.03 -2.14 -0.59 -0.53 -4.63
4.07 7.27 -3.46 -6.97 -4.57 0.35
0.84 0.13 6.34 -7.48 3.24 -4.09
4.48 -5.51 6.89 -2.78 -8.7 2.5
6.11 7.03 -8.56 7.68 3.32 -6.01
-9.05 9.28 -0.6 4.96 4.03 -0.64
5.73 6.7 1.28 -6.22 -5.41 6.71
8.87 2.31 5.51 -9.14 0.38 -1.44
3.41 5.22 -1.54 3.94 0.07 -9.22
-1.17 1.37 -8.14 -8.57 9.47 9.98
7.27 4.38 3.09 -6.5 7.05 2.76
0.22 8.76 6.12 0.21 -10.0 4.89
0.98 -9.54 -9.05 8.18 -9.88 -1.33
9.7 -9.9 7.73 4.61 -9.47 -8.33
4.28 9.62 -2.51 4.96 -1.74 -8.69
0.85 9.01 9.07 7.95 -4.2 3.18
3.08 -7.02 -5.72 8.88 -7.67 -5.24
2.8 9.51 8.38 -8.33 9.69 5.56
0.28 -3.17 -4.92 -8.8 -3.08 -9.83
3.28 1.91 9.92 2.52 8.79 4.32
-0.98 -7.98 5.34 -6.54 -3.29 -3.06
-2.85 6.71 1.63 1.76 -6.74 -6.11
7.49 4.83 -2.28 0.77 8.66 -0.81
7.64 -8.44 3.75 -7.24 -0.91 6.03
9.59 -8.45 1.28 -5.45 -4.73 -6.31
2.55 -6.88 -1.79 3.74 -7.77 -4.99
1.91 2.77 -8.89 -4.83 -1.06 6.9
7.61 -7.36 -7.84 2.58 8.28 -9.93
5.79 9.98 2.5 -1.1 0.25 7.92
-4.49 -6.08 -4.52 9.35 -7.71 1.52
-7.02 -4.05 9.48 -8.73 -7.95 5.56
5.84 -0.4 -7.64 5.18 -1.1 -5.82
7.42 -5.49 -3.25 9.72 -8.21 -5.64
5.48 -0.0 -9.91 5.6 -4.83 5.26
1.97 -6.88 5.26 3.28 0.44 -4.72
-1.66 -6.87 5.51 -6.6 -4.99 -2.74
8.83 0.01 -0.05 -2.92 -8.91 -3.5
1.04 1.85 -2.34 9.13 1.85 -9.69
-7.39 7.65 -9.64 -6.61 7.02 1.39
0.89 9.23 6.22 -5.06 5.92 1.98
6.02 2.79 2.87 1.21 -7.87 8.22
8.23 3.75 -1.96 -5.89 5.17 -3.57
-2.3 2.8 4.26 -2.51 6.17 -5.55
5.49 4.19 -5.72 1.57 -8.85 5.48
2.63 -9.85 -3.26 -6.94 -7.53 0.54
9.32 8.54 0.37 3.64 -7.8 0.92
-8.11 0.94 -6.52 -2.8 3.1 2.42
9.19 -3.93 8.12 -9.65 -2.14 -9.44
3.42 -8.85 3.04 -0.52 -1.97 -1.87
1.09 -7.84 -7.71 4.34 9.1 -2.46
-9.36 1.19 -2.58 -8.17 7.95 4.84
-8.99 -1.09 4.8 -8.63 0.32 7.0
9.09 -1.53 5.51 8.53 -3.13 -2.22
-7.93 -3.32 -9.13 2.61 7.8 -1.91
-9.91 1.27 6.98 -4.96 4.09 -7.3
3.72 5.08 9.71 -0.83 3.39 -2.12
0.27 -9.65 -2.6 2.9 0.44 -5.29
-7.94 -0.8 5.49 3.66 -1.89 8.96
9.98 -6.9 1.65 4.96 -6.38 -1.94
-4.8 2.51 -8.98 -9.17 -7.62 4.94
5.6 5.28 7.61 6.84 5.32 -2.27
-0.49 -1.62 6.89 -9.99 6.3 -9.85
8.62 8.67 -0.45 -1.93 3.58 8.01
-4.67 -0.61 -9.49 6.71 3.07 -9.44
-3.58 -9.43 6.13 4.48 6.13 -6.08
-9.5 9.63 -8.56 -7.22 -5.14 9.66
8.33 6.67 -5.44 8.76 3.93 0.54
-1.53 7.43 -5.1 -3.61 -7.08 0.32
-1.17 -1.76 0.38 -2.87 -0.3 -4.08
-2.97 0.85 6.41 4.95 6.12 -3.75
2.64 2.83 -5.1 -8.14 -9.53 1.64
-6.96 7.2 0.98 1.07 -6.04 8.87
3.93 6.77 3.31 -1.28 4.83 -4.02
-3.47 -1.18 8.35 3.15 2.77 -4.75
2.06 -9.49 0.68 -3.08 7.2 7.13
5.64 -7.75 0.26 2.11 6.46 3.83
5.57 -4.27 2.6 0.23 8.77 -7.92
-3.36 -6.12 -9.11 -6.81 2.55 8.89
-4.35 1.72 2.03 -6.21 9.68 3.19
-7.64 -9.23 -3.3 8.36 -0.78 5.52
3.57 -3.98 -6.54 -6.05 8.89 -5.87
-5.03 5.36 -3.12 -8.26 4.18 -0.58
3.29 -0.82 7.01 0.47 -6.42 -9.1
8.68 3.26 6.11 -9.63 4.06 -9.13
-1.59 8.3 -7.78 9.5 5.29 -5.69
