4
7 17 38 53 73
5 28 37 60 75
9 30 56 63
11 18 44 49 69
1 22 40 57 71
9 37 73 31 35 13 53 38 47 32 63 43 68 44 29 20 70 46 48 36 21 18 60 16 23 33 2 26 62 69 19 8 64 55 54 58 51 30 65 14 15 4 50 11 74 25 3 6 45 49 66 39 67 7 34 71 42 52 24 27 17 1 28 22 72 5 12 59 61 40 75 56 41 57 10
2 25 43 57 68
3 18 39 52 63
1 20 46 71
14 16 36 53 73
7 21 44 54 67
59 34 22 45 36 74 39 6 62 28 73 41 68 40 66 18 1 60 72 63 54 9 29 14 31 13 35 42 56 51 65 26 12 53 57 33 58 75 17 48 32 64 55 46 3 67 23 61 43 52 19 49 71 50 5 47 8 11 10 69 15 70 27 44 37 21 24 7 20 25 30 2 4 16 38
12 27 34 55 68
15 18 38 47 70
1 20 56 75
13 28 39 48 73
10 21 33 49 62
51 26 2 30 61 57 65 42 63 46 14 32 9 41 52 69 45 74 3 38 35 36 72 53 17 66 56 49 25 75 16 54 64 4 28 60 50 43 73 24 15 18 67 39 19 55 31 34 12 59 20 68 27 58 22 1 48 13 10 5 23 11 6 62 21 33 47 71 37 7 70 8 29 44 40
15 17 35 47 65
1 18 43 52 73
3 22 53 63
13 26 40 46 64
11 23 41 54 74
11 45 32 70 19 3 68 60 8 59 26 12 39 57 7 27 38 35 31 20 67 36 44 40 47 14 6 1 29 50 52 10 58 5 64 4 37 23 18 71 24 75 16 55 73 28 25 56 69 53 54 22 13 51 17 30 72 42 66 74 62 49 48 46 21 65 9 43 61 2 63 33 34 41 15