2
1 0
6 0
2
1 2
2 1

->
5
0



3
1 0
2 0
3 0
3
1 3
1 2
3 1 
->
2
1
0


5
1 2
2 1
5 0
4 -1
7 -2
2
4 5
5 4

->
1
0

5
1 2
2 1
5 0
4 -1
7 -2
2
2 5
4 1
->
3
3


7
5 0
3 0 
4 0
7 0
2 0
1 0
6 0
4
1 7
1 6
6 1
3 5
->
5
4
6
3

10
1 0
2 0 
3 0 
4 0
5 0
6 0
7 0
8 0
9 0
10 0
2
1 10
10 1 

->
9
0

10
9 0
3 0 
2 0 
4 0
1 0
6 0
10 0
8 0
7 0
5 0
2
8 10
10 8 
->
0
3

5
1 0
2 0
3 0
4 0
5 0
1
1 5
->
4

10
1 0
2 0
3 0
4 0
5 0
6 0
7 0
8 0
9 0
10 0
1
2 9


->
7


10
1 0
1 0
1 0
1 0
0 0
10 0
1 0
1 0
1 0
1 0
1
1 10

->
10