1
1 1 2 2
->
1

2
1 1 2 2
1 1 2 2
->
1


1
1 3 2 5
->
2

2
1 1 2 2
1 3 2 5
->
3


3
1 1 2 2
1 1 2 2
1 3 2 5
->
3

4
1 1 2 2
1 1 2 2
1 3 2 5
3 2 4 4
->
5

2
1 1 2 2
1 1 3 2
->
2

2
1 1 3 3
2 2 4 4
->7

2
2 2 4 4
3 3 5 6
->
9

1
10 10 20 20

-> 100

1
15 15 25 30
->150

1
5 5 10 10 

->25


1
1 1 4 4

-> 9

2
1 1 2 2
1 1 4 4

->9

2
2 2 5 5
1 1 2 2
->10

2
1 1 4 4
2 2 5 5

->14

1
1 1 2 2 

-> 1

1
1 1 3 3
->4



1
0 0 1 1

->1

1
1 1 4 4
->9


1
0 0 3 3
->9

2
1 1 4 4
0 0 3 3
->14

3
1 1 4 4
0 0 3 3
0 2 2 5
->17

4
1 1 4 4
0 0 3 3
0 2 2 5
1 4 4 7
->
25

5
1 1 4 4
0 0 3 3
0 2 2 5
1 4 4 7
0 0 4 4

->26


5
1 1 4 4
0 0 3 3
0 2 2 5
1 4 4 7
8 0 11 2

->31


5
1 1 4 4
0 0 3 3
0 2 2 5
1 4 4 7
8 0 11 2